Aminoacid	I	M	T	N	K	S	R	L	P	H	Q	V	A	D	E	G	F	Y	C	W
I	0.628505	0.063405	0.069905	0.022305	0.008405	0.038805	0.014605	0.061805	5e-06	5e-06	5e-06	0.069905	5e-06	5e-06	5e-06	5e-06	0.022305	5e-06	5e-06	5e-06
M	0.33331	0.35861	0.06991	1e-05	0.03061	1e-05	0.05341	0.08411	1e-05	1e-05	1e-05	0.06991	1e-05	1e-05	1e-05	1e-05	1e-05	1e-05	1e-05	1e-05
T	0.147415	0.023115	0.512615	0.049815	0.038815	0.072315	0.032415	1.5e-05	0.053415	1.5e-05	1.5e-05	1.5e-05	0.069915	1.5e-05	1.5e-05	1.5e-05	1.5e-05	1.5e-05	1.5e-05	1.5e-05
N	0.030615	1.5e-05	0.053415	0.575615	0.116315	0.069915	1.5e-05	1.5e-05	1.5e-05	0.053415	1.5e-05	1.5e-05	1.5e-05	0.069915	1.5e-05	1.5e-05	1.5e-05	0.030615	1.5e-05	1.5e-05
K	0.01821	0.01341	0.05511	0.12111	0.59271	1e-05	0.07211	1e-05	1e-05	1e-05	0.05511	1e-05	1e-05	1e-05	0.07211	1e-05	1e-05	1e-05	1e-05	1e-05
S	0.023815	1.5e-05	0.043815	0.045915	1.5e-05	0.507115	0.045615	0.060915	0.054615	1.5e-05	1.5e-05	1.5e-05	0.041715	1.5e-05	1.5e-05	0.018815	0.072415	0.037615	0.039715	0.007815
R	0.044	0.0185	0.0522	0	0.1202	0.0937	0.4422	0.0288	0.024	0.0347	0.0206	0	0	0	0	0.0733	0	0	0.0347	0.0131
L	0.038315	0.018815	1.5e-05	1.5e-05	1.5e-05	0.041715	0.023415	0.648315	0.030615	0.005715	0.007715	0.064315	1.5e-05	1.5e-05	1.5e-05	1.5e-05	0.105115	1.5e-05	1.5e-05	0.015815
P	5e-06	5e-06	0.088705	5e-06	5e-06	0.170505	0.074105	0.170505	0.333305	0.041005	0.047705	5e-06	0.074105	5e-06	5e-06	5e-06	5e-06	5e-06	5e-06	5e-06
H	1e-05	1e-05	1e-05	0.08871	1e-05	1e-05	0.06991	0.03061	0.05341	0.40001	0.11261	1e-05	1e-05	0.07411	1e-05	1e-05	1e-05	0.17051	1e-05	1e-05
Q	1e-05	1e-05	1e-05	1e-05	0.10691	1e-05	0.08431	0.03691	0.06441	0.13051	0.48751	1e-05	1e-05	1e-05	0.08931	1e-05	1e-05	1e-05	1e-05	1e-05
V	0.13801	0.03261	1e-05	1e-05	1e-05	1e-05	1e-05	0.10951	1e-05	1e-05	1e-05	0.51261	0.06991	0.01841	0.01221	0.05341	0.05321	1e-05	1e-05	1e-05
A	5e-06	5e-06	0.170505	5e-06	5e-06	0.088705	5e-06	5e-06	0.074105	5e-06	5e-06	0.170505	0.333305	0.053305	0.035405	0.074105	5e-06	5e-06	5e-06	5e-06
D	1e-05	1e-05	1e-05	0.17051	1e-05	1e-05	1e-05	1e-05	1e-05	0.07411	1e-05	0.03061	0.05341	0.40101	0.11161	0.06991	1e-05	0.08871	1e-05	1e-05
E	1e-05	1e-05	1e-05	1e-05	0.18711	1e-05	1e-05	1e-05	1e-05	1e-05	0.08131	0.03361	0.05861	0.11791	0.44461	0.07671	1e-05	1e-05	1e-05	1e-05
G	5e-06	5e-06	5e-06	5e-06	5e-06	0.113505	0.136205	5e-06	5e-06	5e-06	5e-06	0.090605	0.075605	0.113505	0.060605	0.340305	5e-06	5e-06	0.059005	0.010605
F	0.03061	1e-05	1e-05	1e-05	1e-05	0.06991	1e-05	0.18661	1e-05	1e-05	1e-05	0.05341	1e-05	1e-05	1e-05	1e-05	0.57531	0.03061	0.05341	1e-05
Y	1.5e-05	1.5e-05	1.5e-05	0.034815	1.5e-05	0.060715	1.5e-05	1.5e-05	1.5e-05	0.079515	1.5e-05	1.5e-05	1.5e-05	0.060715	1.5e-05	1.5e-05	0.034815	0.649715	0.079515	1.5e-05
C	5e-06	5e-06	5e-06	5e-06	5e-06	0.110505	0.073805	5e-06	5e-06	5e-06	5e-06	5e-06	5e-06	5e-06	5e-06	0.056405	0.093705	0.180105	0.420605	0.064805
W	1e-05	1e-05	1e-05	1e-05	1e-05	0.11241	0.15261	0.13461	1e-05	1e-05	1e-05	1e-05	1e-05	1e-05	1e-05	0.08111	1e-05	1e-05	0.24701	0.27211
