Aminoacid	M	W	N	D	C	Q	E	H	K	F	Y	I	A	G	P	T	V	R	L	S	
M	0.000	0.000	0.000	0.000	0.000	0.000	0.000	0.000	0.111	0.000	0.000	0.333	0.000	0.000	0.000	0.111	0.111	0.111	0.222	0.000	
W	0.000	0.000	0.000	0.000	0.285	0.000	0.000	0.000	0.000	0.000	0.000	0.000	0.000	0.142	0.000	0.000	0.000	0.285	0.142	0.142	
N	0.000	0.000	0.111	0.111	0.000	0.000	0.000	0.111	0.222	0.000	0.111	0.111	0.000	0.000	0.000	0.111	0.000	0.000	0.000	0.111	
D	0.000	0.000	0.111	0.111	0.000	0.000	0.222	0.111	0.000	0.000	0.111	0.000	0.111	0.111	0.000	0.000	0.111	0.000	0.000	0.000	
C	0.000	0.125	0.000	0.000	0.125	0.000	0.000	0.000	0.000	0.125	0.125	0.000	0.000	0.125	0.000	0.000	0.000	0.125	0.000	0.250	
Q	0.000	0.000	0.000	0.000	0.000	0.125	0.125	0.250	0.125	0.000	0.000	0.000	0.000	0.000	0.125	0.000	0.000	0.125	0.125	0.000	
E	0.000	0.000	0.000	0.250	0.000	0.125	0.125	0.000	0.125	0.000	0.000	0.000	0.125	0.125	0.000	0.000	0.125	0.000	0.000	0.000	
H	0.000	0.000	0.111	0.111	0.000	0.222	0.000	0.111	0.000	0.000	0.111	0.000	0.000	0.000	0.111	0.000	0.000	0.111	0.111	0.000	
K	0.000	0.000	0.000	0.000	0.111	0.000	0.000	0.000	0.000	0.111	0.111	0.111	0.000	0.000	0.000	0.000	0.111	0.000	0.333	0.111	
F	0.062	0.000	0.250	0.000	0.000	0.125	0.125	0.000	0.125	0.000	0.000	0.062	0.000	0.000	0.000	0.125	0.000	0.125	0.000	0.000	
Y	0.000	0.000	0.142	0.142	0.142	0.000	0.000	0.142	0.000	0.142	0.142	0.000	0.000	0.000	0.000	0.000	0.000	0.000	0.000	0.142	
I	0.111	0.000	0.074	0.000	0.000	0.000	0.000	0.000	0.037	0.074	0.000	0.222	0.000	0.000	0.000	0.111	0.111	0.037	0.148	0.074	
A	0.000	0.000	0.000	0.055	0.000	0.000	0.055	0.000	0.000	0.000	0.000	0.000	0.333	0.111	0.111	0.111	0.111	0.000	0.000	0.111	
G	0.000	0.028	0.000	0.057	0.057	0.000	0.057	0.000	0.000	0.000	0.000	0.000	0.114	0.342	0.000	0.000	0.114	0.171	0.000	0.057	
P	0.000	0.000	0.000	0.000	0.000	0.055	0.000	0.055	0.000	0.000	0.000	0.000	0.111	0.000	0.333	0.111	0.000	0.111	0.111	0.111	
T	0.027	0.000	0.055	0.000	0.000	0.000	0.000	0.000	0.055	0.000	0.000	0.083	0.111	0.000	0.111	0.333	0.000	0.055	0.000	0.166	
V	0.027	0.000	0.000	0.055	0.000	0.000	0.055	0.000	0.000	0.055	0.000	0.000	0.083	0.111	0.111	0.000	0.000	0.333	0.000	0.166	
R	0.019	0.038	0.000	0.000	0.038	0.038	0.000	0.038	0.038	0.000	0.000	0.019	0.000	0.115	0.076	0.038	0.000	0.346	0.076	0.115	
L	0.039	0.019	0.000	0.000	0.000	0.039	0.000	0.039	0.000	0.117	0.000	0.078	0.000	0.000	0.078	0.000	0.117	0.078	0.352	0.039	
S	0.000	0.019	0.039	0.000	0.078	0.000	0.000	0.000	0.000	0.039	0.039	0.039	0.078	0.039	0.078	0.117	0.000	0.117	0.039	0.274	